14
3
92
18
11
93
79
40
87
78
89
61
79
29
10
26
71
60
76
31
93
36
62
83
93
80
93
61
24
40
27
45
41
41
3
54
93
59
21
34
65
7
74
65
63
15
14
37
27
63
89
31
14
67
77
82
48
48
100
22
64
90
42
80
5
3
66
44
15
58
27
87
43
93
24
57
100
65
15
13
35
21
63
56
67
74
57
75
95
64
25
13
6
79
95
11
71
16
31
6
38
28
52
3
48
15
83
13
33
94
97
36
63
10
63
10
100
79
96
25
45
4
50
40
23
77
14
78
81
71
97
38
1
62
99
98
45
71
52
34
13
97
52
30
99
49
100
24
20
13
58
84
95
55
15
28
19
13
2
3
72
19
7
33
50
2
72
14
98
75
9
24
93
77
5
47
12
100
42
77
18
45
75
91
91
89
64
57
16
15
84
36
4
71
62
8
2
44
48
57
57
72
79
8
37
38
12
1
71
100
36
58
21
45
2
67
12
41
66
70
7
12
74
45
84
36
26
89
35
23
30
73
3
32
89
51
41
85
58
56
23
73
72
3
32
57
62
90
73
81
10
25
42
51
93
12
64
34
18
86
87
60
74
13
47
91
37
70
48
11
69
66
73
6
64
25
57
74
78
17
12
65
78
63
79
54
61
6
98
5
90
88
51
73
53
55
93
36
41
21
97
30
35
61
6
22
56
20
59
22
49
13
40
78
69
49
79
92
70
44
29
49
19
94
75
2
22
98
64
60
42
59
59
41
14
49
38
56
9
33
69
8
15
48
56
68
44
19
68
66
87
74
75
72
41
73
29
53
42
66
10
5
5
47
65
79
86
67
96
48
97
93
18
82
44
52
20
27
50
28
51
26
24
88
20
20
42
56
79
9
92
87
64
76
19
17
13
25
25
84
95
58
8
77
50
95
39
49
55
84
62
17
10
16
48
21
99
84
25
50
82
22
20
48
33
27
55
12
47
78
90
53
70
77
39
86
71
62
38
75
68
49
78
58
57
90
58
36
69
20
66
50
73
87
7
12
50
26
60
8
98
54
86
76
14
52
61
62
100
8
26
98
3
33
80
37
35
14
95
40
72
51
38
91
79
25
79
72
54
80
34
88
4
13
5
92
88
32
12
84
64
10
49
45
75
96
93
1
16
14
78
39
64
4
86
45
50
59
98
22
60
48
7
62
38
19
54
83
1
52
63
64
71
54
15
17
18
39
96
6
42
7
21
63
72
39
77
99
91
94
54
60
8
43
21
30
21
59
34
54
51
95
80
25
58
70
45
62
26
7
80
11
74
58
53
72
77
66
44
95
81
78
34
9
55
29
32
48
13
81
79
59
47
13
99
74
3
33
98
4
93
63
50
79
82
28
43
61
5
30
72
33
97
61
63
88
95
87
21
94
15
46
48
14
57
66
13
84
45
31
28
72
38
85
36
6
84
21
68
75
58
63
76
54
77
96
57
56
10
56
74
89
76
98
70
25
74
14
56
82
42
49
37
74
53
6
15
88
97
31
8
23
88
52
29
20
84
74
8
40
91
79
73
99
9
61
55
32
82
83
65
29
53
78
74
70
49
87
68
19
42
69
32
38
31
9
30
36
100
50
31
31
62
22
69
23
96
12
67
25
89
48
49
72
93
89
21
97
17
30
10
90
72
21
90
64
69
53
27
6
44
74
61
90
84
60
42
22
72
2
40
30
45
17
77
40
17
75
41
14
35
33
78
31
31
22
73
86
59
70
44
61
64
89
83
27
14
65
24
99
85
55
54
52
26
54
37
50
81
6
33
87
57
100
77
72
50
15
23
73
16
39
93
47
53
56
26
57
53
77
88
48
22
15
94
67
51
32
33
86
60
36
84
58
62
50
11
88
47
45
58
28
78
35
24
25
25
78
18
92
42
84
89
3
76
44
11
42
78
27
3
95
31
80
78
98
53
44
17
66
14
58
16
46
34
55
22
55
50
45
25
58
86
27
41
92
100
18
62
44
68
80
25
53
65
54
62
50
13
95
94
25
11
45
21
23
67
37
64
8
9
47
69
33
48
90
8
2
22
97
71
26
37
49
97
38
3
46
78
68
69
71
18
2
70
9
79
49
1
61
35
39
75
52
31
55
53
84
90
37
7
52
29
52
6
33
28
98
21
28
25
51
85
40
78
82
35
84
65
23
87
5
82
72
71
70
99
35
75
6
42
70
24
31
83
31
30
94
8
38
77
54
59
4
62
76
63
100
59
33
29
80
22
17
56
31
13
60
32
70
71
57
18
31
27
28
10
7
34
90
70
81
28
13
34
60
10
86
59
76
85
18
76
71
80
30
18
41
85
78
90
50
15
22
47
3
77
11
14
52
24
73
53
74
51
33
64
24
42
24
